     377.6000    -5200.453626     0.001210     0.002680        -16.601
     207.6799    -5200.304087     0.000691     0.000012         91.195
     211.4560    -5200.326158     0.000469    -0.000254         82.894
     215.2320    -5200.345227    -0.000803    -0.001485         75.307
     219.0080    -5200.362303    -0.002260    -0.002843         68.361
     222.7840    -5200.378443    -0.002984    -0.003430         61.993
     226.5600    -5200.394540    -0.002203    -0.002491         56.146
     230.3360    -5200.409795    -0.000831    -0.000955         50.769
     234.1120    -5200.422500    -0.000682    -0.000643         45.818
     237.8880    -5200.434506    -0.000000     0.000190         41.253
     241.6640    -5200.444768     0.000081     0.000407         37.039
     245.4401    -5200.454259     0.000451     0.000892         33.143
     249.2160    -5200.462244     0.000301     0.000835         29.538
     252.9920    -5200.469688     0.000525     0.001127         26.198
     256.7681    -5200.476710     0.001178     0.001824         23.099
     260.5440    -5200.481211     0.000101     0.000767         20.222
     264.3200    -5200.487351     0.001400     0.002062         17.546
     268.0959    -5200.491224     0.001115     0.001752         15.057
     271.8720    -5200.495026     0.001397     0.001989         12.738
     275.6480    -5200.497695     0.001139     0.001667         10.575
     279.4239    -5200.499862     0.000931     0.001381          8.557
     283.2000    -5200.502073     0.001281     0.001639          6.672
     286.9760    -5200.503103     0.000928     0.001185          4.908
     290.7520    -5200.503724     0.000612     0.000760          3.258
     294.5280    -5200.504209     0.000573     0.000608          1.712
     298.3040    -5200.503788     0.000016    -0.000064          0.263
     302.0800    -5200.503589     0.000040    -0.000154         -1.097
     305.8560    -5200.502531    -0.000461    -0.000765         -2.373
     309.6320    -5200.501170    -0.000954    -0.001361         -3.573
     313.4081    -5200.500167    -0.000798    -0.001300         -4.702
     317.1841    -5200.498212    -0.001326    -0.001910         -5.764
     320.9600    -5200.496391    -0.001470    -0.002121         -6.764
     324.7360    -5200.495042    -0.000908    -0.001610         -7.707
     328.5121    -5200.492551    -0.001273    -0.002007         -8.596
     332.2880    -5200.490816    -0.000681    -0.001426         -9.435
     336.0640    -5200.488206    -0.000779    -0.001510        -10.227
     339.8401    -5200.486311     0.000011    -0.000682        -10.976
     343.6161    -5200.483018    -0.000436    -0.001064        -11.685
     347.3921    -5200.480271    -0.000191    -0.000723        -12.355
     351.1680    -5200.476997    -0.000337    -0.000742        -12.989
     354.9441    -5200.474233     0.000155    -0.000092        -13.590
     358.7200    -5200.470736     0.000028    -0.000026        -14.160
     362.4960    -5200.467298     0.000068     0.000242        -14.700
     366.2720    -5200.463632    -0.000022     0.000418        -15.212
     370.0480    -5200.460874     0.000886     0.001629        -15.699
     373.8240    -5200.457019     0.000779     0.001866        -16.162
     192.5760    -5200.190571    -0.000638     0.000458        133.353
     196.3520    -5200.224227     0.001131     0.001446        121.257
     200.1280    -5200.253484     0.001200     0.000997        110.277
     203.9040    -5200.280329     0.001342     0.000824        100.291