     412.5001    -6013.901008    -0.000087    -0.000204         13.064
     416.2500    -6013.904422     0.000100     0.000002         12.106
     420.0000    -6013.907315     0.000001    -0.000075         11.198
     423.7500    -6013.910236     0.000153     0.000101         10.336
     427.5001    -6013.912602    -0.000037    -0.000064          9.518
     431.2500    -6013.915012     0.000021     0.000018          8.741
     435.0000    -6013.917141    -0.000008     0.000013          8.003
     438.7500    -6013.919143     0.000021     0.000064          7.301
     442.5000    -6013.920754    -0.000163    -0.000101          6.634
     446.2501    -6013.922595     0.000051     0.000130          5.999
     450.0000    -6013.924007    -0.000004     0.000089          5.394
     453.7500    -6013.925241    -0.000083     0.000021          4.819
     457.5001    -6013.926594     0.000105     0.000216          4.271
     461.2499    -6013.927549     0.000033     0.000149          3.748
     464.9999    -6013.928389    -0.000020     0.000097          3.251
     468.7500    -6013.929035    -0.000140    -0.000025          2.776
     472.5001    -6013.929907     0.000088     0.000197          2.323
     476.2501    -6013.930315    -0.000034     0.000068          1.890
     480.0000    -6013.930802     0.000035     0.000126          1.477
     483.7500    -6013.931113     0.000033     0.000112          1.083
     487.4999    -6013.931176    -0.000118    -0.000054          0.706
     495.0001    -6013.931505     0.000066     0.000097          0.002
     498.7500    -6013.931369    -0.000010     0.000003         -0.327
     502.5000    -6013.931256     0.000020     0.000014         -0.642
     506.2500    -6013.931066     0.000051     0.000027         -0.944
     510.0000    -6013.930609    -0.000109    -0.000152         -1.232
     513.7500    -6013.930412     0.000060    -0.000000         -1.509
     517.4999    -6013.929915    -0.000001    -0.000077         -1.774
     521.2500    -6013.929359    -0.000058    -0.000149         -2.027
     525.0000    -6013.928781    -0.000076    -0.000179         -2.271
     528.7500    -6013.928166    -0.000071    -0.000184         -2.504
     532.4999    -6013.927684     0.000121     0.000001         -2.728
     536.2500    -6013.926972     0.000136     0.000013         -2.942
     540.0000    -6013.926120     0.000060    -0.000063         -3.148
     543.7500    -6013.925245     0.000009    -0.000110         -3.346
     547.5000    -6013.924343    -0.000024    -0.000133         -3.536
     551.2500    -6013.923402    -0.000054    -0.000149         -3.718
     555.0000    -6013.922485    -0.000020    -0.000096         -3.894
     558.7500    -6013.921480    -0.000036    -0.000086         -4.062
     562.5000    -6013.920473    -0.000018    -0.000037         -4.224
     566.2500    -6013.919393    -0.000039    -0.000019         -4.380
     570.0000    -6013.918609     0.000269     0.000333         -4.530
     573.7500    -6013.917134    -0.000085     0.000032         -4.674
     577.5000    -6013.915975    -0.000094     0.000083         -4.812
     581.2501    -6013.914883    -0.000010     0.000235         -4.946
     378.7499    -6013.859408    -0.000019     0.000232         24.518
     382.5001    -6013.865319    -0.000031     0.000093         22.940
     386.2500    -6013.870958     0.000046     0.000073         21.450
     390.0000    -6013.875995    -0.000136    -0.000178         20.043
     393.7500    -6013.881150     0.000125     0.000035         18.713
     397.5000    -6013.885672     0.000067    -0.000053         17.456
     401.2501    -6013.889855    -0.000035    -0.000169         16.266
     405.0000    -6013.894006     0.000115    -0.000022         15.140
     408.7500    -6013.897454    -0.000168    -0.000298         14.074
