     300.7126    -5285.399919     0.000161    -0.000192         24.324
     306.1800    -5285.408357     0.000127    -0.000221         21.270
     311.6475    -5285.415727     0.000062    -0.000238         18.507
     317.1150    -5285.422161     0.000012    -0.000213         16.003
     322.5825    -5285.427838     0.000080    -0.000057         13.729
     328.0501    -5285.432552    -0.000013    -0.000058         11.662
     333.5175    -5285.436679     0.000045     0.000088          9.778
     338.9850    -5285.439931    -0.000094     0.000028          8.060
     344.4524    -5285.442758    -0.000034     0.000155          6.490
     349.9200    -5285.444934    -0.000051     0.000188          5.054
     355.3875    -5285.446616    -0.000035     0.000239          3.738
     360.8550    -5285.447788    -0.000043     0.000249          2.531
     366.3225    -5285.448426    -0.000139     0.000154          1.422
     371.7899    -5285.448789    -0.000099     0.000182          0.402
     377.2575    -5285.448848     0.000015     0.000269         -0.538
     382.7250    -5285.448351    -0.000080     0.000135         -1.404
     388.1925    -5285.447696    -0.000014     0.000152         -2.204
     393.6601    -5285.446695    -0.000000     0.000110         -2.943
     399.1274    -5285.445405    -0.000006     0.000043         -3.626
     404.5950    -5285.443950     0.000069     0.000055         -4.260
     410.0625    -5285.442182     0.000059    -0.000018         -4.847
     415.5299    -5285.440247     0.000089    -0.000048         -5.391
     420.9976    -5285.438049     0.000046    -0.000146         -5.897
     426.4650    -5285.435709     0.000035    -0.000205         -6.368
     431.9325    -5285.433230     0.000044    -0.000233         -6.806
     437.4000    -5285.430554     0.000001    -0.000302         -7.214
     442.8675    -5285.427816     0.000028    -0.000285         -7.594
     448.3351    -5285.424890    -0.000014    -0.000321         -7.949
     453.8026    -5285.421950     0.000038    -0.000243         -8.281
     459.2700    -5285.418842     0.000021    -0.000213         -8.591
     464.7374    -5285.415682     0.000041    -0.000124         -8.881
     470.2050    -5285.412336    -0.000046    -0.000117         -9.152
     475.6725    -5285.408997    -0.000055    -0.000005         -9.407
     481.1401    -5285.405611    -0.000047     0.000151         -9.645
     486.6075    -5285.402213     0.000005     0.000382         -9.869
     492.0750    -5285.398682    -0.000026     0.000560        -10.079
     278.8425    -5285.353482    -0.000009     0.000572         40.265
     284.3100    -5285.366961    -0.000180    -0.000043         35.623
     289.7775    -5285.379286    -0.000035    -0.000175         31.455
     295.2450    -5285.390196     0.000040    -0.000252         27.704