      80.2869     -198.974583    
      81.0897     -198.974049    
      81.8926     -198.973604    
      82.6955     -198.973083    
      83.4984     -198.972474    
      84.3012     -198.971951    
      85.1041     -198.971355    
      85.9070     -198.970772    
      86.7098     -198.970180    
      87.5127     -198.969592    
      88.3156     -198.968984    
      89.1184     -198.968506    
      89.9213     -198.968054    
      90.7241     -198.967478    
      91.5270     -198.966832    
      92.3299     -198.966238    
      93.1328     -198.965699    
      93.9356     -198.965065    
      94.7385     -198.964486    
      95.5414     -198.963825    
      96.3443     -198.963209    
      44.1578     -198.936646    
      44.9606     -198.941364    
      45.7635     -198.945678    
      46.5664     -198.949531    
      47.3692     -198.953153    
      48.1721     -198.956417    
      48.9750     -198.959463    
      49.7779     -198.962458    
      50.5808     -198.964315    
      51.3836     -198.966505    
      52.1865     -198.968582    
      52.9893     -198.970507    
      53.7922     -198.971735    
      54.5951     -198.973190    
      55.3979     -198.974515    
      56.2008     -198.975480    
      57.0037     -198.976404    
      57.8065     -198.977262    
      58.6094     -198.978007    
      59.4123     -198.978601    
      60.2152     -198.979130    
      61.0180     -198.979595    
      61.8209     -198.979894    
      62.6237     -198.980154    
      63.4266     -198.980344    
      64.2295     -198.980509    
      65.0324     -198.980536    
      65.8352     -198.980507    
      66.6381     -198.980448    
      67.4410     -198.980354    
      68.2438     -198.980201    
      69.0467     -198.980030    
      69.8496     -198.979808    
      70.6524     -198.979514    
      71.4553     -198.979280    
      72.2582     -198.978940    
      73.0610     -198.978564    
      73.8640     -198.978248    
      74.6668     -198.977812    
      75.4697     -198.977390    
      76.2725     -198.976945    
      77.0754     -198.976466    
      77.8783     -198.975949    
      78.6812     -198.975581    
      79.4840     -198.974948    
      40.9463     -198.912828    
      41.7492     -198.919642    
      42.5521     -198.925872    
          43.3549     -198.931478
